[gd_scene load_steps=7 format=3 uid="uid://fpkryxxq5tx7"]

[ext_resource type="Script" uid="uid://b700ds1cufanr" path="res://scripts/level_one.gd" id="1_4wl7b"]
[ext_resource type="PackedScene" uid="uid://4jx8wrpsrhbr" path="res://scenes/floor.tscn" id="2_m04wh"]
[ext_resource type="PackedScene" uid="uid://c3eqngcdsk8xp" path="res://scenes/PC.tscn" id="3_hu4x8"]
[ext_resource type="PackedScene" uid="uid://sadimw2101bb" path="res://scenes/boxes.tscn" id="4_jj3p3"]
[ext_resource type="PackedScene" uid="uid://dhtsp0o03y005" path="res://scenes/enemy.tscn" id="5_moue2"]

[sub_resource type="Environment" id="Environment_foyw7"]
background_mode = 1
background_color = Color(0.29463795, 7.851329e-07, 3.970787e-07, 1)
ambient_light_source = 2
fog_enabled = true
fog_light_color = Color(0.314393, 0.10340049, 0.02316846, 1)
fog_light_energy = 2.03
fog_density = 0.0746
volumetric_fog_density = 0.0583

[node name="playground" type="Node3D"]
script = ExtResource("1_4wl7b")

[node name="floor" parent="." instance=ExtResource("2_m04wh")]
transform = Transform3D(102.33264, 0, 0, 0, 0.23788866, 0, 0, 0, 93.916954, -0.01367712, -1.1920929e-07, -0.042620897)

[node name="Node3D" parent="." instance=ExtResource("3_hu4x8")]
transform = Transform3D(1, 0, 0, 0, 1, 0, 0, 0, 1, 0.15600705, 1.1189442, 0.35100317)

[node name="DirectionalLight3D" type="DirectionalLight3D" parent="."]
transform = Transform3D(1, 0, 0, 0, 0.669727, 0.74260736, 0, -0.74260736, 0.669727, 0, 16.917368, 29.153366)

[node name="WorldEnvironment" type="WorldEnvironment" parent="DirectionalLight3D"]
environment = SubResource("Environment_foyw7")

[node name="boxes" parent="DirectionalLight3D" instance=ExtResource("4_jj3p3")]
transform = Transform3D(1, 0, 0, 0, 0.669727, -0.74260736, 0, 0.74260736, 0.669727, -3.30635, 0.7975006, -22.666801)

[node name="boxes2" parent="DirectionalLight3D" instance=ExtResource("4_jj3p3")]
transform = Transform3D(1, 0, 0, 0, 0.669727, -0.74260736, 0, 0.74260736, 0.669727, -0.6515553, 17.384384, -37.625828)

[node name="boxes3" parent="DirectionalLight3D" instance=ExtResource("4_jj3p3")]
transform = Transform3D(1, 0, 0, 0, 0.669727, -0.74260736, 0, 0.74260736, 0.669727, -16.086802, 9.410018, -30.434076)

[node name="boxes4" parent="DirectionalLight3D" instance=ExtResource("4_jj3p3")]
transform = Transform3D(1, 0, 0, 0, 0.669727, -0.74260736, 0, 0.74260736, 0.669727, 6.5868764, 8.79452, -29.878984)

[node name="boxes5" parent="DirectionalLight3D" instance=ExtResource("4_jj3p3")]
transform = Transform3D(1, 0, 0, 0, 0.669727, -0.74260736, 0, 0.74260736, 0.669727, 3.6144652, 3.9778814, -25.535055)

[node name="boxes6" parent="DirectionalLight3D" instance=ExtResource("4_jj3p3")]
transform = Transform3D(1, 0, 0, 0, 0.669727, -0.74260736, 0, 0.74260736, 0.669727, -23.832712, -7.8664494, -14.85314)

[node name="boxes7" parent="DirectionalLight3D" instance=ExtResource("4_jj3p3")]
transform = Transform3D(1, 0, 0, 0, 0.669727, -0.74260736, 0, 0.74260736, 0.669727, -12.598429, 3.180777, -24.816181)

[node name="boxes8" parent="DirectionalLight3D" instance=ExtResource("4_jj3p3")]
transform = Transform3D(1, 0, 0, 0, 0.669727, -0.74260736, 0, 0.74260736, 0.669727, -8.251606, 20.683157, -40.600853)

[node name="boxes9" parent="DirectionalLight3D" instance=ExtResource("4_jj3p3")]
transform = Transform3D(1, 0, 0, 0, 0.669727, -0.74260736, 0, 0.74260736, 0.669727, 2.5091283, 11.584582, -32.395226)

[node name="boxes10" parent="DirectionalLight3D" instance=ExtResource("4_jj3p3")]
transform = Transform3D(1, 0, 0, 0, 0.669727, -0.74260736, 0, 0.74260736, 0.669727, -29.92522, 20.604885, -40.530266)

[node name="Node3D2" parent="." instance=ExtResource("5_moue2")]
transform = Transform3D(1, 0, 0, 0, 1, 0, 0, 0, 1, -13.988432, 1.1189442, -8.5073185)
